0.221135
0.167631
0.254648
0.00929769
1.21671
2.0516
0.389811
13.2633
2.2828
1.48474
4.16103
0.368378
3.72223
0.566958
0.698933
1.09473
0.868329
3.30478
1.44659
1.47352
1.61201
0.526159
0.75435
3.61088
2.73076
0.719974
0.596673
2.27298
1.28679
0.827191
0.224431
0.491962
0.441491
0.605618
0.257984
2.15204
0.669545
0.393426
2.984
4.64041
0.654499
1.7823
5.53942
4.79648
2.67254
0.439665
0.356658
1.46797
0.0425767
4.50294
0.896503
1.72147
1.27675
1.11885
0.244833
1.23655
2.1269
3.83239
0.0284896
1.05453
0.0329807
1.48685
3.78902
0.912978
1.27335
0.348101
0.467799
2.70133
0.78556
0.768772
1.41904
1.84013
0.684171
0.798991
2.02649
0.208404
1.66007
0.21072
1.86042
0.591655
0.559427
3.44059
1.62409
1.22221
1.93544
2.69518
0.137905
3.8376
1.05979
0.604461
1.29891
0.892042
1.89729
0.575832
1.05738
2.23125
2.58003
1.20586
6.05372
0.106711
0.502764
2.3321
1.88354
1.03773
3.06049
0.290509
1.2395
3.14465
1.86866
2.86519
0.435264
0.482971
4.46701
2.54472
1.17544
1.79075
0.692113
4.41148
0.269082
0.551022
0.803244
0.489459
2.40547
0.465064
1.58639
0.587962
2.28264
2.98367
0.500397
0.00986882
1.4192
0.823962
1.88294
4.53849
3.8633
1.43811
1.58973
3.12686
1.14123
1.21064
0.440643
0.54603
2.36853
1.41509
5.09564
0.430048
1.1866
0.277853
1.63296
0.254418
6.05035
0.385845
0.607477
3.15888
3.29015
3.4628
3.74985
1.18162
2.46477
3.52306
2.3949
0.596385
0.521285
2.02048
5.17758
2.07869
0.549737
1.42668
0.509638
0.212941
2.3742
0.269277
2.96189
1.31008
15.2613
0.733807
1.67068
2.51228
0.604386
1.02327
4.87529
1.9422
0.768176
2.36224
3.14126
5.70747
2.44023
0.419584
0.529936
0.694541
0.453761
2.11466
4.55384
1.41655
5.67783
1.32169
1.12307
0.103251
0.446043
2.56861
1.87907
3.33982
0.0724198
0.21521
0.706064
0.12924
1.75192
0.136
3.76703
1.99161
0.450829
0.909292
1.23817
0.0561332
0.125768
4.20991
1.09058
0.284675
2.1542
0.144105
4.32285
3.17356
1.43159
0.592929
0.613146
5.92006
0.811989
3.99308
1.85941
2.403
1.78138
0.200735
1.12215
0.475993
1.8964
8.79906
0.408277
4.19358
1.64193
2.06589
0.731432
2.87098
0.930279
1.99214
0.632455
0.928756
6.48144
4.18946
0.458017
