74.7453
1.8248
7.75045
6.38855
0.458568
1.25395
4.18189
2.20535
2.2566
1.66538
3.94257
0.927962
3.78265
3.54794
2.79323
6.69033
6.45055
4.48633
4.73071
4.50837
1.59743
1.13285
1.20657
0.94443
3.63696
11.0937
0.280293
1.53187
3.98627
2.4923
0.90887
1.74131
0.667284
4.90356
1.87053
3.56686
1.52479
0.605665
0.299326
0.436614
4.67994
0.351196
2.44913
0.827004
1.08457
3.05051
6.70981
3.153
4.73493
11.1569
3.61264
3.48525
2.1632
1.32353
0.950048
1.43455
3.42783
8.0347
1.43373
1.86096
0.323766
6.41931
6.1648
2.51294
1.92644
6.76977
1.76905
3.04699
3.18331
10.0695
3.25409
5.77675
2.10062
1.32206
0.409601
2.48711
1.71436
2.66767
0.948578
1.09587
4.18806
5.5611
1.01433
2.47268
1.5292
4.4765
0.0883957
3.48463
0.230304
0.428808
2.72661
2.17612
1.68437
4.47408
1.50644
1.3931
7.09386
3.35746
2.4894
3.35676
1.92988
5.07475
1.13159
2.00067
0.988792
2.33987
1.74396
3.58875
1.27218
0.8702
3.61183
3.88024
2.92809
3.17303
1.14208
1.57981
0.453438
2.66414
1.68058
3.12922
5.34641
6.05432
1.46767
4.36489
3.19663
2.37962
0.186536
2.42746
1.0473
4.13489
0.921995
0.168573
4.12467
0.838238
0.936812
5.33455
5.95154
4.0738
5.44178
2.63265
4.37667
3.12011
1.22768
0.201869
4.43102
0.492236
0.365485
2.59433
4.41761
0.453523
7.13897
0.899854
6.63737
1.1202
2.05972
1.38382
2.08024
2.53657
2.29302
2.31866
2.50556
4.38887
2.66375
0.251373
4.41019
1.90731
2.2882
5.27949
7.84121
1.69118
0.73779
1.68455
3.98932
1.17447
4.97396
1.52924
2.32541
1.82694
6.83187
1.84971
1.12351
3.70034
1.63144
0.873782
1.94388
3.48478
0.338673
1.87095
1.29786
6.52352
0.263465
10.9264
3.58246
0.617486
1.3333
0.93485
1.97831
1.73533
5.16561
2.2194
1.75474
1.75054
7.37028
8.22635
0.191455
0.888146
2.79237
2.16219
1.09691
0.608289
8.92944
2.29942
0.969437
3.24434
4.70615
1.93909
5.56654
1.48642
2.60992
5.86195
1.65102
6.70273
4.22404
2.06324
1.72691
4.30929
1.66202
5.82595
2.90443
0.532018
0.119538
0.666808
0.267653
8.27947
6.34873
0.646655
2.35117
0.256203
1.59169
0.757409
2.75145
9.70825
0.143574
6.65195
4.08473
2.76059
6.56578
1.45571
2.15849
